cauchy,gaussian,laplace,explaplace,linearlaplace,powerlaplace
0.30755846541477755,0.3441104462973242,0.36522104238568,0.3412376959467642,0.3398778304722944,0.26418312558332907
0.3575648197826728,0.3431886132547817,0.3052505877850599,0.3052485113579308,0.30524837945605665,0.2553643309465575
0.5623223226466836,0.6908046872390342,0.6174234064270016,0.5983298463102589,0.5975826446146277,0.5634891285272593
0.2271750326905893,0.42354219236070856,0.2884279580750237,0.2818539187237525,0.2816624479045401,0.2596047750640342
0.5475722449420406,0.48404676428472615,0.631251132433426,0.6312508410609522,0.6312508187014708,0.44423251791934354
0.19266625099572188,0.37236432762287835,0.18601658227756593,0.18448419895697593,0.18445157150069838,0.17459396456650847
0.5385979968192512,0.5757090195827516,0.6026602873349329,0.5553502450279976,0.5524157624887408,0.4764681372535608
0.5165581834462509,0.6144134027760897,0.6022869764844311,0.5998807682404185,0.5997497806231397,0.5081567621945657
0.172566818232533,0.20658047818022768,0.14923470747137932,0.13653194454604173,0.13579869936028666,0.10520145297847859
0.28880330531830467,0.34223201882992765,0.3398036412964223,0.29056016384479716,0.28754479563731244,0.23940875715720555
0.25093613370958895,0.3724686637444397,0.2760077859182015,0.27141351276119347,0.27125931380803014,0.2455106351247362
0.2989602226120548,0.5790707033550164,0.32998204534992676,0.316251077400583,0.3163511112381983,0.3281016128489326
0.3764153341760282,0.4253012020199216,0.4703007640404566,0.46992942541248706,0.4699058619758068,0.36789132994122664
0.2718358095058752,0.1881316431386149,0.3065493599620358,0.28158502849728834,0.27957936501986946,0.1659437182380296
0.27435188190923054,0.3377649959073515,0.2939703265849206,0.2935906168509321,0.29356805202438613,0.21564701735291059
0.43740510384232933,0.5676047539875663,0.459124702529308,0.45387618300233845,0.453636692639165,0.40223305204956733
0.20995212935595137,0.33622245488326263,0.2873090828226278,0.26695867778573873,0.26637004973749306,0.2487028677135049
0.5197581469787717,0.5071967387931257,0.5996394347816681,0.5958832466554598,0.5956135014298941,0.43872224006191196
0.1787875719884488,0.30783715032982917,0.1732161236856103,0.1421363008487267,0.14119265302955322,0.15194417912625688
0.5659422132065179,0.3334583494753263,0.6755574051463963,0.62988997071023,0.6253897498256117,0.3326219302082132
0.2454635289533257,0.22819316557446598,0.2697813388926127,0.25654592532025283,0.2556180675319898,0.17639424638360157
0.16418177518556332,0.2189320075418417,0.22262278154817683,0.2175429353406939,0.2171914786447153,0.11985356946083955
0.21029850330401215,0.2653764375856957,0.2073202933601055,0.12823477798041005,0.1255708733448839,0.1801172639974317
0.23493380477144543,0.2901717535175071,0.24273714866397186,0.24270640249386122,0.24270480084199092,0.19757604087026923
0.4505496805983467,0.44003559204782705,0.5167671426063459,0.49991743085344387,0.4986032412742587,0.39563032806752413
0.19763263917463944,0.3452257509900872,0.17634011795162743,0.17099130977406635,0.17082600783522664,0.1589716300591396
0.2621097921872789,0.3162591905832571,0.2739679249389837,0.27327379657927536,0.27323213442159777,0.1961470132070511
0.1437621623289097,0.30572172025973976,0.18130704010223522,0.11490912429870921,0.11544489574549073,0.17775598421908603
0.3588426846943432,0.3044441871171409,0.39614685652435866,0.39608587818500807,0.39608146704580394,0.24607432714492206
0.2221857870233127,0.3697056757154459,0.21122733592926912,0.21053238364846913,0.21051262256336714,0.19488475241437597
0.3593850182345452,0.3656078446583601,0.40358882666494716,0.40337754409152554,0.4033632081654758,0.28573059644009113
0.13541834414001222,0.3125236350103335,0.13246325491922603,0.13143349811020408,0.13140379263206922,0.1145479815337804
0.33491935386170907,0.29737875559166127,0.3321584532383078,0.3303350515317836,0.33021518863773935,0.2359034771824512
0.30492513638979124,0.4089541895572429,0.3891586595855364,0.38268429110095137,0.38231062211058203,0.29606074815145017
0.2787903956044331,0.34323688454612544,0.27581733438845835,0.27543356418008097,0.2754163903395031,0.2387708574656796
0.558783480641851,0.43147109220266766,0.6523794374714913,0.6200431069939386,0.6165850570678335,0.4268610363934884
0.1967265287683329,0.18691790758337426,0.21566715950871485,0.2156603850460928,0.21565990241178765,0.11329252250596943
0.38600673123939966,0.2680851258751122,0.4461075309677781,0.4460983007132284,0.4460974947324333,0.24167889605673692
0.24083603987686836,0.24561007575559426,0.2892991190319322,0.28921928913864,0.28921319160539394,0.17270911230333813
0.5118147697746953,0.4388935021513039,0.5698681125559364,0.5240615709765699,0.5205022814978632,0.3964724835379827
0.22233679296454723,0.44586962173807343,0.20849312703357978,0.20501345478875999,0.20499101892392513,0.20535656660806006
0.33840919322712654,0.588346071751298,0.2748225363852832,0.273281562598834,0.27330646508660605,0.26967351925469984
0.7347507870614809,0.5505358569338354,0.8152634120129489,0.8139959168744271,0.813860328023581,0.549404499342527
0.5055966512304377,0.49597197402576526,0.5686216352651455,0.5685511921360952,0.5685461667664844,0.419031152373455
0.2908880546816376,0.2010508014630793,0.3394541117294486,0.3384922212846118,0.3384210586668457,0.17796705112485042
0.20871669305778334,0.22406456941103237,0.24721005717188949,0.24697812175614095,0.24696314833146538,0.1450392563728599
0.17507737726243505,0.37787536974804714,0.17825088897661473,0.1776815618821169,0.1776727165470203,0.1704036192878515
0.2900749879555508,0.25106259961050864,0.3588396428037275,0.3586121593450734,0.35859529524823563,0.20818309670782836
0.3975263656819843,0.4776063950165534,0.45500820168961925,0.30574193961656126,0.3014101777832651,0.4107369413735242
0.11853896890926494,0.29784851170744675,0.12442153963180365,0.12435735455938307,0.12435556393672483,0.10627325190059873
0.3641229237949635,0.32994710236084795,0.467208680246843,0.4484283182754389,0.44702874779512525,0.27891295358175305
0.3004421945343555,0.29308096168896364,0.42418041821051533,0.4240395287921454,0.4240296053452461,0.24358142435115437
0.28562273160745677,0.22230860186926069,0.3217304664425459,0.3217072302798042,0.3217055093377815,0.17286035844082165
0.4037908925133781,0.51989589886231,0.5473712797807694,0.5184214563194481,0.5170003771102679,0.4437939349292819
0.1010371120270347,0.22304227386350045,0.08034253049424456,0.05441861465789229,0.053672106642532226,0.06907739416867148
0.47602612897968694,0.46026501376972134,0.6032063010166494,0.5599156194664275,0.5561909523116451,0.4070052729173516
0.2672658744624852,0.25944564300792233,0.3025521892086301,0.30006256747332266,0.29987711869288547,0.18223747050269667
0.15352023083812455,0.4991812082052207,0.13667634770220552,0.12354104642032601,0.1241147398240285,0.1226352852086446
0.29046804594644915,0.37465464654884334,0.26048540864874564,0.26042270949342305,0.26042002068259107,0.23264675380070693
0.9940081689466201,1.0986598175856446,1.0227953488651416,0.9885146085242571,0.9875370000205296,0.9738346746865775
0.3783872276450276,0.2296943351063379,0.4169440496095346,0.40840200030911145,0.4076439197196343,0.20736196393473322
0.7412500048815863,0.8731648178215198,0.6334415576284944,0.6224069440208531,0.6224261302430176,0.6269255966123933
0.31929751503069553,0.43064242518415247,0.37808971322538526,0.37535130431696145,0.3752246873008555,0.3071308026859353
0.29527691426981256,0.40041183108948036,0.3271734910441197,0.32502464678916504,0.3249348953266283,0.28041156358267977
0.27047869785220013,0.4358768836906285,0.31474148160647897,0.3146101661961586,0.31460544242778415,0.2788949204804795
0.32146759628431937,0.45105878834806196,0.35734811169152464,0.335823504578909,0.3348460159586987,0.2899231547477096
0.3627065304756066,0.40363579601007854,0.37662392169495257,0.3766225515715565,0.37662247586179043,0.3148133051862351
0.20341667318470188,0.36315869669265094,0.2290654654059325,0.22876203716333962,0.22875357581891362,0.2036511913861039
0.21021156918898928,0.28787771263789336,0.18866173468003763,0.17476151452883032,0.1741858688397808,0.16359623325382103
0.4778338771596708,0.34152987057768575,0.6116534187557018,0.5954485860736998,0.5938009467398787,0.32349278026444495
0.13846728209572695,0.2886566402566694,0.11113277305843743,0.10650050528235093,0.10641137551272546,0.1052509652174095
0.2768227559489652,0.3495571424840296,0.25321469705802724,0.25249690772789035,0.2524654835625828,0.2208595402952878
0.27751716138817006,0.34089042575123235,0.34121624552245183,0.33409544464124036,0.3337066525689725,0.25869330466182033
0.22503183814958536,0.25493653865845006,0.2691481050461412,0.26687509975820783,0.26673493603434567,0.16470859422803255
0.3092444869039387,0.49333988027845316,0.29001595599609353,0.13864834654744454,0.16426092250837482,0.2229355741338099
0.21723003134487034,0.2957109428144694,0.33735823743079585,0.3362276298926305,0.3361596642627835,0.1952283034232164
0.5585748386739429,0.4800976510535338,0.5903669068390901,0.5823474758149612,0.5817693990174136,0.40767201446302676
0.2753507289743596,0.20766695351414752,0.2468863118308038,0.1487284726288173,0.14240029492448045,0.1572094975592639
0.35934896408686323,0.3551712886584444,0.4617798657998838,0.4615261136460721,0.46150740610125685,0.3010144334261962
0.19480797386082516,0.3268427025280916,0.254623150587558,0.2546071344129881,0.25460641678952506,0.20406847701066608
0.2856829241019083,0.338171672670789,0.22242341221573095,0.15269966123073747,0.1513539850553979,0.21972836673686477
0.18131705725921046,0.24416844385297368,0.1850704191799456,0.18236805542356893,0.18222834371663438,0.11511621952043571
0.34073949126188624,0.2808735126787077,0.3765418698773137,0.3747772604345938,0.37464352890578895,0.23930162662952284
0.2968425090409393,0.3632485859312359,0.4048958282826047,0.4016418426740619,0.40138533824451716,0.29791588601431107
0.3671951982227455,0.2645967886429075,0.4140993817458609,0.4037205596906117,0.4028441786959108,0.2407280398853463
0.4842343204730256,0.37126277829577425,0.5167616836424707,0.4875736822162108,0.48506607709966537,0.33963508086209376
0.744172795838113,0.6183712852505427,0.9208368200316721,0.9156581535287037,0.9151664899566994,0.6152799580820173
0.44730066931958073,0.34900780292774475,0.5084696532238184,0.5072612137352649,0.5071570678335938,0.3267399806972626
0.35571323199247895,0.4169274549448916,0.3821770429543734,0.3820414984345142,0.38203368738137894,0.3001959580828147
0.4183964710951393,0.39335893303548186,0.5068360340264728,0.5010085647789526,0.5005610004944855,0.3522724020528326
1.1790890735468285,1.1607395838696322,1.1873912616742663,1.1635792051528013,1.1625086476733262,1.109435674551835
0.16576035972432843,0.26484482486211247,0.2394532491039428,0.2324644969501644,0.23203929447720792,0.14270352266048142
0.2753147879772779,0.4150149904957382,0.2589649119499517,0.25664207194836824,0.2565632333034771,0.2383650986263387
0.5342682936551253,0.5899522847495083,0.5454874618349946,0.5378127585061938,0.537370749013905,0.46263899546808546
0.3714113368108768,0.4127876710849713,0.43125540384973815,0.4216688898874915,0.4211044214467682,0.32619208633462776
0.4586565433782652,0.486771274640919,0.5889365440604104,0.574348117967649,0.5734001269281769,0.44322332339752957
0.09494762377356061,0.35474781273447153,0.09435001845744308,0.08447392215072344,0.08451982428564056,0.09394626319110695
0.14490760076791515,0.4318822604900998,0.11066587755601957,0.10571241566600485,0.10578537615649533,0.10874968570363397
0.21311481923566117,0.20526497045933068,0.2688602471608342,0.25708934962469204,0.25622134743668773,0.13394367917628386
0.2175192599136657,0.41425203067240957,0.2173135978119491,0.13372009487279204,0.13371226575657547,0.21399973247336626
0.35335792074058175,0.3826986149023371,0.44024907885064524,0.41393171121317823,0.41201203885609505,0.28929201862867443
0.40206583349942915,0.30647667540443063,0.48479995047291846,0.4758682738679292,0.4750854157791771,0.2634847440856206
0.22353722744855584,0.2836969184034284,0.2094372920244791,0.2061563272749074,0.20598158075664807,0.1598498071800625
0.6302725989506449,0.34911272632114676,0.7687901803061243,0.7468987932649139,0.744568306334417,0.3487751182601966
0.419511791115332,0.3402821336959983,0.5455499582873617,0.5344950541869951,0.5335887410085491,0.3188610050421503
0.23765196518071804,0.3678701882271454,0.28376785878097327,0.28269205080807325,0.28264871124142843,0.23860551152582846
0.413612163633157,0.5262184084056447,0.3737818654504284,0.35822980739088967,0.3577294538377806,0.35441897392438204
0.2522242795999191,0.422071528905204,0.2782627509669257,0.2631284034085551,0.2628054642961923,0.2625024341084113
0.22505003812489444,0.3043265967877293,0.21327360367950202,0.13603465606383597,0.13312562456389648,0.18153317758664203
0.5542605902671539,0.4947005503842727,0.7276496849450118,0.7223658557192827,0.7219036352715221,0.45240051769101886
0.40570884523981166,0.2749236400617863,0.521821185339346,0.5209416544647025,0.5208588496884179,0.2546333078711994
0.18756465078375517,0.3017729350357239,0.3041302250719335,0.2989539787630001,0.29869917301589155,0.21948441347912667
0.4444797264705517,0.36401434932529203,0.49118746369829225,0.4911522698841634,0.49114946748139504,0.3390977193830378
2.265274074283285,2.4836394607534635,2.2315579686458484,2.231142964052736,2.231162633418802,2.2148558338918907
0.3006111284809775,0.29306437927773876,0.30806076186010156,0.306468070437607,0.3063718993578957,0.23931516744180803
0.3101924751844453,0.4128098321228048,0.32241425316009686,0.13630010769660222,0.13972789117004217,0.32224372423287734
0.2762749411374793,0.23358839787684357,0.413554378119838,0.41217812136068477,0.41205922892021274,0.1944829248525564
0.47660850185205994,0.46901472173971087,0.4321133639237595,0.4189275993374495,0.41819677509621295,0.37962541938759603
0.3055197870476517,0.25417954666201287,0.4044212076411241,0.40062150899922594,0.4002963168413981,0.23479667092507064
0.40000090932279153,0.7894057400526606,0.4194008507566938,0.413078552024165,0.4132888006806734,0.4155397781365943
0.20870441561300757,0.31869556130170923,0.27700277991675376,0.25270154129793065,0.2516525036393987,0.2090906001958389
0.20571900787310743,0.2242939983915845,0.17461376398012138,0.1671953506790665,0.16682227449870585,0.13415906508552647
0.13736520144823014,0.1419347739867891,0.14147634477736676,0.0845005399621771,0.0996208353130249,0.12809744959569622
0.36270808731001175,0.5663390456953872,0.4247142982973002,0.41473059835665044,0.4143906430869433,0.38260080936049673
0.12878637241395377,0.4370578870782673,0.12981584902186374,0.0731688904670667,0.074389006861836,0.12833774329703254
0.365817604536468,0.2595380644278486,0.39332711231895356,0.3889466324353332,0.3885906743168003,0.22209814555608176
0.3400457083986307,0.6186855913209125,0.3590366992874374,0.35675509159938884,0.3567463814959613,0.3556344068598193
0.3441710553196023,0.30780421043916617,0.3503675680736772,0.3477371187656286,0.3475544334632813,0.25549350530794507
0.4080384959131738,0.49528553342976,0.5036024807855545,0.48632815185100575,0.48532806310697707,0.41090969609318806
0.36730751703297587,0.4815046307023376,0.3910012538771739,0.38667508444950205,0.3865323183892868,0.3648263415083575
0.28547498442646174,0.19010509861200567,0.34473180540852105,0.3406159080992439,0.34025616498482225,0.17050082807849937
0.3602587189255069,0.34398554722059205,0.4352292486360377,0.4311987562387007,0.4309061815996918,0.27731884487861724
0.1921150998931161,0.26313338504176903,0.20241277262580543,0.1740958570064175,0.1725938100385823,0.1440725581558755
0.15344271594165027,0.33208121673887825,0.09097091820772754,0.090337946868603,0.09033410726336263,0.0909566539878431
0.21111530720168017,0.5965916159237518,0.20389004374518763,0.18858852830270928,0.18926718539209367,0.19311754317086313
0.40683629544786837,0.4709270980519735,0.44896217559795065,0.4480894361283203,0.44803885485810885,0.35815746229364287
0.28277924747818495,0.440866811907963,0.24845688232028756,0.24700820108222724,0.2469738325317048,0.23813817126270634
0.3923388984525454,0.4667862933974934,0.4959682675177372,0.49242710560879116,0.4921781415470611,0.3755217228792137
0.3127833855832562,0.44115284695915935,0.3090847574609118,0.3082600315238433,0.30822901904941735,0.284976499252528
0.23134206390279444,0.412394012433864,0.24719487785192715,0.24617433944519024,0.24613681653584718,0.20833572200127823
0.18566529889494165,0.3495716368040296,0.23278391448355606,0.22709378588439863,0.22692948403807392,0.20301269219844784
0.37003758520776014,0.22449937483686236,0.4148626680946446,0.4127388844796265,0.4125558705176546,0.20909313388997178
0.5778307647263539,0.49314807770727215,0.6390423291061468,0.6365623053491271,0.6363691900378468,0.4663205551072418
0.17883705535912706,0.4453078245180547,0.16410928839865077,0.14510004949259517,0.1450851692007519,0.16327265647001074
0.25946027418595163,0.3314926899042205,0.30158969744449615,0.30108879014628565,0.30106246362434513,0.23080902421057795
0.261466217186902,0.22029485453584347,0.3073350650520635,0.3009952781637785,0.30055087341454106,0.17526092409072452
0.5395668047133183,0.5747438330506148,0.6184661863543396,0.6157096823389345,0.615555296625749,0.4966893382621758
0.4191155318742306,0.3910175418314927,0.434400826352257,0.42605190089521944,0.42546546835857996,0.31213298308038445
0.2619737281344537,0.403376952397798,0.2689973278320798,0.26801618008605466,0.2679750109861409,0.22846096123529633
0.2076308709406293,0.29548682527016007,0.27743306942629586,0.2497138632486018,0.2484879223013942,0.21227703343355517
0.29891204885977113,0.36094657931994323,0.3791900518079905,0.3715160176315549,0.37105566618579466,0.2729974521192028
0.10282564252615689,0.3293584326643438,0.13187869890037393,0.13179186418575803,0.13179125231952937,0.12522681357213739
0.26516858048197034,0.21016155181826932,0.249746234019476,0.2334704696754329,0.23233562987988793,0.14233636434342806
0.2549899309272068,0.536844567341783,0.25364709654477363,0.2535038706703614,0.2535034828725712,0.2520302931262652
0.1974497767908238,0.22589851429030627,0.2270175631331665,0.22510883648231683,0.22499014410651733,0.14545944050605097
0.31018278332346527,0.31068439658181474,0.3914547828422144,0.3914543372762982,0.3914543053937699,0.23803686001992358
0.25243611667258253,0.3016249140075555,0.34394769315552376,0.3395285829919925,0.3392374061031881,0.22301582212250548
0.5394065603077578,0.4822070090654943,0.6368486052902809,0.6368303589749735,0.6368290166699087,0.44328231028369414
0.2999440208427416,0.3091379014398249,0.37869729468621355,0.3499064356286454,0.347879836556685,0.2585123320535241
0.2062918942647351,0.2089878677687604,0.2593623294874118,0.25808854877024795,0.2579940602276692,0.14404316024496722
0.17287437412801662,0.3836159617845872,0.12439975412497414,0.08975047812090077,0.09153883470431211,0.10773121100752713
0.25490377674675985,0.43637264599975756,0.30650994617278554,0.2210693340979359,0.2187122146546279,0.27618745478020135
0.1463873038567148,0.29331468022049206,0.14270440936991693,0.1426748602714406,0.14267425665148495,0.13067688408770342
0.26923939438379746,0.5029669638246266,0.2769334198920711,0.2531193119340891,0.2525117307427144,0.25553236029437776
0.5493387406469006,0.46745325622701955,0.6515460596523536,0.6511772009561874,0.651146948257409,0.43605696817888107
0.12687764601387494,0.5182992441141288,0.16407636287064684,0.14988274675127133,0.15075559128834848,0.1558212991857127
0.36031371555363956,0.28561881381259036,0.4552040152180457,0.4501712298378753,0.4497234899618794,0.2651961338069609
0.19900985665706303,0.38624943947168305,0.17774766023318717,0.1777476161602889,0.17774761557599972,0.17407528735419506
0.40637483797404084,0.41601645352681527,0.45972274833609905,0.45968614711211775,0.4596838279853539,0.32817382254782973
0.3767403142829103,0.4204005411883677,0.475404610123601,0.4662930724977701,0.4656890783538013,0.3256864121127227
0.32009111045601013,0.33254722096206785,0.3589264743144334,0.35886279473384064,0.35885881268658787,0.2493332620266904
0.3304076653154632,0.2792342785423831,0.3315049432702972,0.29528330517471507,0.29283781805687487,0.22428133530924632
0.3652204669647286,0.37625428172079917,0.45120574537340835,0.45079476481151226,0.45076543210450437,0.3000100025933019
0.19627591645011827,0.30627792919619473,0.151004839733244,0.14238951932015484,0.1420939664984958,0.13372603481986284
0.45765633574822084,0.3955177008827764,0.47716758870800413,0.47392760820313135,0.47370736920512707,0.3541123223324061
0.24471785615172104,0.5294513884190555,0.2864245862365491,0.24423174813089998,0.2514612437196355,0.23161715765668855
0.3679708197347762,0.33486191920100067,0.37109055595734325,0.37050136781520476,0.37046754172375934,0.30411939996015663
0.17913604576571962,0.14576166236487537,0.1938134628799521,0.16884919991011577,0.1670270247096616,0.08939266214845994
0.2524402452924834,0.483706450106527,0.21949283425149096,0.2194923743668978,0.21949236857881232,0.21698898368482147
0.5911166617317941,0.525212671932867,0.6356381432027093,0.5537774523719637,0.5472424614851227,0.5122832301639769
0.26332937363663306,0.16718849211405507,0.303916910055302,0.3037358662681957,0.3037205057234514,0.12707134368745823
0.34099005607708155,0.3509027935081938,0.3273902890524612,0.3241227938289199,0.32393885984992987,0.2661462951830945
0.29013438916848233,0.39253741863831737,0.3035404053199015,0.29315266766728765,0.2928296221443978,0.2732470255790926
0.34743129390987115,0.2944195668668911,0.42983868357846117,0.42977444593196423,0.4297692658929227,0.25231939125036856
0.2740719781207597,0.18431435946602545,0.34815584658754745,0.3463293229660487,0.34617780467193754,0.1498841004983824
0.5781668311619588,0.5673906057197267,0.6859714404351371,0.6564659150662558,0.6543489539601136,0.5366472778509208
0.28060061219622096,0.5367706543365031,0.261391312467202,0.24924466700820996,0.24940741659335325,0.2612868511826946
0.2606654868828829,0.3165901880641292,0.3267832754483748,0.3267756367245622,0.32677515543673263,0.21575874653590968
0.36930518035153936,0.2595337870527333,0.37904644900312306,0.3745389639342583,0.3741757527686119,0.22034695586495728
0.2318221665585432,0.2578743692726208,0.2787333754409791,0.2781462559269777,0.27810815248358545,0.17885773919748624
0.1624315122481961,0.3666616615225171,0.1712795552644464,0.17088799034561522,0.17087892144186045,0.15280439127693063
0.2689568549032776,0.3259706223398933,0.34561001592475554,0.3305738729291605,0.3295778446951707,0.23464549180024794
0.6366285985779376,0.39838107782341253,0.6804139397729663,0.6718277748941575,0.6709588372872191,0.39451676768491256
0.4472512377734029,0.4269207238090246,0.5076666794894834,0.49841895351800364,0.49770718239038503,0.3721601097391839
0.28807808576282845,0.45001392529612744,0.2535530393924343,0.2534636662412656,0.25346236969870706,0.25089212457117743
0.36623085424429785,0.39662353740167994,0.4039332077278846,0.39692191211074185,0.3965227590814246,0.2903699438059508
0.29771575765258906,0.29954366243892655,0.2781438578729958,0.26912781793660123,0.268608309580455,0.22030165635209367
1.5783857663607672,1.8817063224480897,1.6519176565345532,1.615884346160563,1.6158795813129117,1.6398369388797895
0.20294495939147464,0.3775518823915196,0.19976298136638465,0.19581403515160045,0.19567872111927803,0.1736625270828027
0.21002362111510434,0.2897817780951624,0.19819859766595227,0.18019183768503247,0.17942172855344893,0.16888272929272063
0.5232053756579907,0.5249178321082131,0.5394722356382529,0.5390947330157103,0.5390712292256945,0.4777731571753076
0.18467852095866313,0.2735852342934174,0.2142688781364119,0.21300017025699683,0.21293320795645365,0.1485094773192216
0.20716797878896148,0.24093568234507043,0.20181538340405814,0.17160320138477314,0.16978792689616476,0.13011097554828663
0.32577331448501373,0.3927423220280894,0.34524915851401866,0.3445785932068106,0.34454723785089886,0.29281866115943206
0.3637350432333349,0.41399063677912107,0.45826919569688007,0.4566246971208731,0.4565156748170612,0.32039023726587107
0.2795835994214778,0.33044998126991615,0.3548809942606062,0.3543731677389769,0.3543389531910917,0.24419476869868906
0.7093237179444672,0.6849087149786821,0.7991698206572271,0.7878489834160585,0.7869040434996867,0.666877065323174
0.5007771720807968,0.5102428920945371,0.6076933524640762,0.6070698189645143,0.6070215052866514,0.47188804480071067
0.41171211631924154,0.37684268577844104,0.42838350482894105,0.42746061018587733,0.427396166679338,0.32194892353676874
0.1497600289009564,0.34504140361292496,0.16002599517043722,0.14716992579729626,0.14743803721682944,0.15984333909524018
0.19810207438271454,0.3454134696119872,0.24291392177968085,0.23889914131859635,0.23874550973063785,0.20210404597751236
0.2883599608942875,0.34178714656114256,0.3168845068197251,0.31663386107974056,0.3166219735729324,0.26535352881651214
0.32728494064505503,0.431622991295719,0.28821457511412857,0.27778045820956027,0.27740805581210365,0.2688374344492543
0.24750596955754686,0.2838294088756512,0.2602237712919178,0.2588934492466802,0.25881916630221935,0.18380952037847859
0.4375514131794313,0.4364602859911366,0.5600518555540258,0.5594212500170358,0.5593789649860661,0.37445315789879197
0.337615438014357,0.3288242218695568,0.29672125281696077,0.29632180124201235,0.2963010032193725,0.26480561076363807
0.26640554032753083,0.2682958708104136,0.29235207216960896,0.2907926035874922,0.2906889373620954,0.18442463020354896
0.27655276124001504,0.21263062982503889,0.2912928477429466,0.2909872189320289,0.29096358495735825,0.1746497004521714
0.21073619098953253,0.4988330803912451,0.235520014842723,0.21992054753185214,0.22001872692272892,0.23383229078681855
0.4024887863055383,0.5858305909190155,0.42996734592036634,0.2902135178016793,0.2861705974879154,0.4060927049688867
0.24823345129176289,0.30657437544951144,0.29925008812566883,0.2983835530044992,0.2983295984204387,0.22581971187425995
0.5419100956506949,0.38656696114833056,0.7014237645664545,0.6984901723033792,0.6981973194774208,0.37863273704762374
0.3568552201528688,0.23126089158453708,0.4026181474483201,0.3907885564884877,0.38976482192652584,0.18727962247211577
0.30819693236856294,0.31501200213347497,0.3645293611942495,0.3635419335274376,0.3634749278929148,0.25494678243447216
0.24658100390906637,0.24316451547820167,0.2351131711519024,0.226245717205758,0.22573776393001999,0.17975902251970635
0.4442479864623367,0.5615524810995566,0.482641811701229,0.4825520621059982,0.4825472981210534,0.4211292132809716
0.27657202787717816,0.2663175423842747,0.3274656974871945,0.32653078529025165,0.32646445214890973,0.20738717927268785
0.2556072631841277,0.3815514981182479,0.32715087488542527,0.3267518007940589,0.3267296836998442,0.24336780877945233
0.3311476278703978,0.5067652869966431,0.3880646860964521,0.3827255125800141,0.38253097068488995,0.3390022010774023
0.33821223598600547,0.4619291635504124,0.2538494323204854,0.25384932754585676,0.253849325753883,0.25301280917067986
0.9551573276601373,1.0502472658795592,1.0068553361963024,0.9831880789095526,0.9863957990296287,1.0049909782399384
0.20095621176562006,0.2730404925680189,0.20077884226353673,0.1464112845872142,0.14385331234937526,0.1546665974297656
0.3210647503975794,0.21239346967880135,0.35201616464490104,0.35200003109982475,0.351998745137068,0.18655300767152483
0.5003112665149533,0.38926667701760714,0.5499234865105421,0.5490731014694694,0.5490019095176872,0.3499224215640206
0.3472515277979544,0.2489146907940743,0.3284952607509317,0.2879706735665062,0.2845866926767263,0.2150250504165967
0.3736107251509185,0.3294224052487432,0.410388365392462,0.4083740104093413,0.40821699673966383,0.2643268677388525
0.19805666506106528,0.23149912060448713,0.23474525088545836,0.22539360505066053,0.22476854096452095,0.12721282697323008
0.35363980021959635,0.3626204014039189,0.4487585712475835,0.42014860064775983,0.41819278731309883,0.3286585852901659
0.3464251582163689,0.3074220758497088,0.3880670354524583,0.28355164706577485,0.2765523568788284,0.27468929151365434
0.44875048700429704,0.3539976383036497,0.45563315966074436,0.4549169218032623,0.4548564989660347,0.3340073292951521
0.47500285207846593,0.434221659561281,0.5241452787024008,0.5240352850114419,0.5240269528146064,0.386158371812023
0.23583770916316935,0.48418809799390894,0.2337053985890568,0.22823672329337386,0.22832357845388085,0.23369432719834263
0.30597940360799697,0.40718678369759204,0.36901818269431047,0.36836097581017413,0.36832559383125496,0.2885142868299406
0.3160598468473614,0.31873992697768316,0.3520997990471002,0.35205516582424534,0.352052041672902,0.24861584297798475
0.37321028834255526,0.41562678739979886,0.39057509184776884,0.39049591951845825,0.39049151598380977,0.33275613028234646
0.3803361776887097,0.3506802667330563,0.5306555587345863,0.5254840544351931,0.5250663083424563,0.31399580571477403
0.19291246865696265,0.39948590033920756,0.23245573960203234,0.23231631575617223,0.23231257166378422,0.20528503348464439
0.24900280843567346,0.5628491758483163,0.3169785555078228,0.28034642591026154,0.2807520439361929,0.3138318009992464
0.4625220093143196,0.4453787921535359,0.47662424660064273,0.4722809494822552,0.4720101226138063,0.3663371048146137
0.4445825741559069,0.34486462246875066,0.5347387940358714,0.5233672421284695,0.5223213636968216,0.3345290171522767
0.20423905277176696,0.3932093906028888,0.27430855780535246,0.27428206557978263,0.27428106361463317,0.2261123947987218
0.4756127184325942,0.5095286608560446,0.5380895380150789,0.51829750261421,0.5171198880876107,0.4259594400260003
0.5850913981411535,0.5439815988271964,0.6046642830533954,0.6025451102404972,0.60240060056551,0.47589990633949425
0.17918152916486393,0.2719076881435809,0.13527466604874677,0.12617127337737283,0.12584390872251291,0.11818608998755002
0.3378475104311851,0.3387145001091559,0.41547766265825553,0.4154512992533396,0.4154492922443715,0.2708608691662755
0.18570672237192407,0.30670741671536433,0.15470202004448075,0.15312596593794064,0.15307984493384927,0.14059790482542056
0.2735986760934172,0.30250063633152113,0.32191861004015426,0.32189345154903726,0.32189195968646717,0.21525929676058153
0.28336118893934215,0.21737831660148108,0.3578569827974972,0.33513285494003636,0.3332538986453834,0.1744386976330078
0.15711483420335667,0.5258411176595706,0.1417048683111842,0.14120992932075008,0.14122695637032753,0.13068688639941298
0.3516573622119963,0.39622890558723023,0.4424310719978161,0.4418478897826291,0.4418105194770214,0.3135371608017496
0.19611495128127582,0.2875820447686882,0.2414723806435351,0.23723827790309876,0.23706421140344994,0.1867278789429947
0.29826742939557077,0.38206220289234927,0.2626881724810319,0.2626282246024864,0.2626261208093563,0.2448981481298163
0.2984339928645093,0.38846492330804927,0.2985135473638698,0.2869565657286395,0.2864431913838719,0.25690928516186734
0.17688167197926316,0.508827017540629,0.17359356601552992,0.1597084812007535,0.16041410102806603,0.15983815078303065
0.39609707498444446,0.42073425615830445,0.4059034802451771,0.4058590247798701,0.4058562430065414,0.30402351513171705
0.21608171390305114,0.36629425185622594,0.17132000145685675,0.14852219243814727,0.14792003848998334,0.1605294430968785
0.41692933722221587,0.46177606064460414,0.47440830571483,0.468710866571844,0.46838927932952434,0.380623213982883
0.42750679722471013,0.4695326655734861,0.5214000974136194,0.5192207450420475,0.5190833949517458,0.3821863032385462
0.40392886360765196,0.44967371678610063,0.5156995944825774,0.5146574508212476,0.5145858333282776,0.389407883973622
0.5758715093213524,0.5903243257336109,0.7125621019777467,0.7125403258045634,0.712538762958698,0.5497884978032007
0.35618557976016524,0.24220409700623158,0.4046416859318882,0.39759596251308116,0.396938438786022,0.2147190068361288
0.34630231908024434,0.42773264255288557,0.34855340316557876,0.3477276939515116,0.3476814475597582,0.27423956802673616
0.22685286592047677,0.49518968004559016,0.2249774008695732,0.21663857251061935,0.2165238021695041,0.21657540603003536
0.2522191646650475,0.6132749116484315,0.25955207195957686,0.25108847825283426,0.2525782946296401,0.15163025542185135
0.3090763466027341,0.3377885325635705,0.35543040797008396,0.3446212224136513,0.34396968314533577,0.24834691323555208
0.23612976695171078,0.25732018344537494,0.21463167110984394,0.2145879861574869,0.21458545259988224,0.15427006064677104
0.397411210598568,0.3520867457674863,0.5011891510969301,0.49773405655846276,0.4974607698167495,0.3144348690420668
0.3161696312028999,0.44056709717974124,0.41210360667524276,0.4078589288288186,0.40766642743152814,0.33833422968358695
0.30026077947630303,0.22855961649926157,0.3964472868696702,0.39624147452497127,0.39622452533907326,0.19990977080411332
0.26188953444111385,0.24038610883036288,0.33837988433661015,0.28127006579476416,0.27623376042839537,0.18264774766945513
0.2667580350406916,0.3228284902350192,0.3334977374902856,0.2368312366890425,0.22918137629824373,0.213144390407098
0.5012457800478413,0.4599963556379733,0.5297017923379652,0.49084109263559894,0.4881787037685983,0.4052114729625602
0.5358211160155618,0.41274965927579826,0.6696197152600126,0.6502493808026305,0.6484680258787933,0.3897147557640199
0.45373635770790094,0.2910671065166126,0.6691221166811625,0.6650248694290157,0.6645973460525244,0.279036776874098
0.4228127982811835,0.5764411528149952,0.5109521945060622,0.4798459269048535,0.47910374654751064,0.46828774223888087
0.40680252568391306,0.37619440654888586,0.41202467056479986,0.40111214040271576,0.40042191703650787,0.3188348152724671
0.29417174539375207,0.4543050471525368,0.2441675517240304,0.24369216580373726,0.24368460494061733,0.24146562600075294
0.3227746786065636,0.15421459676268445,0.3629630722785819,0.33345452958702165,0.33043139318805537,0.1448505458334236
0.26485048226242985,0.3339632332744915,0.29222360780205625,0.2906176477215721,0.2905462294322873,0.24904415355523365
0.1853452232347112,0.5133535043738116,0.22799462748959506,0.22507575984142775,0.22512348585354988,0.22786356166147695
0.47606279692221976,0.42410486718183626,0.4677440236268275,0.46739886575851075,0.467375647122278,0.35521363763130004
0.06738453644616108,0.3089976735074923,0.0817779170588689,0.0785704056588942,0.07864282239637355,0.081359063587049
0.3981692247732208,0.29479986758516913,0.471758221190195,0.4716425005286769,0.471632691718715,0.2712203824154117
0.3202196181799599,0.2889017818483006,0.32628207842886886,0.32459349724533365,0.32447110376951366,0.22217974867037774
0.34900057804999896,0.14541532119763667,0.44038656303628104,0.42586650803803583,0.4243280259676571,0.14526694074472488
0.2579204333189876,0.27982861812076404,0.31014106192764673,0.2799252242758276,0.2779741763478633,0.2157459064638779
0.34151628968193903,0.22740143784439967,0.4816613365465538,0.478525742566432,0.478222733074233,0.21565751685657494
0.25222370349544454,0.25070021168659945,0.3456637890670423,0.332348135143677,0.33133355901650524,0.18581558165092865
0.16117393368336,0.33480696067787946,0.1839750149163621,0.1791780802359883,0.17907583112383255,0.16641578190196318
0.31252846393567596,0.32481499974121475,0.3272884460353799,0.32728585007566646,0.32728568137411973,0.2182773928019024
0.5289906142024136,0.5164309452600498,0.4379441291432256,0.3329820284435694,0.327088189083811,0.4096012485922832
0.685377852158871,0.6423388609326864,0.7616665439978184,0.6979586033278431,0.6927195279253399,0.6250416938314375
0.12718483525634963,0.1643976501582293,0.11280520664944706,0.10121184815731421,0.10056579454859622,0.06716753146395547
0.317242956807741,0.2423369732906829,0.3271206995929023,0.2718341406968582,0.26759120055461194,0.2036644025216159
0.3724709514438871,0.4162735299184071,0.32149607532493696,0.3129773373266148,0.31258130737622714,0.28238310013275136
0.2717607836846248,0.5138944831484233,0.2930482076472269,0.2922531468421059,0.2922384775009757,0.27841489710048617
0.365247119538964,0.2985376805706656,0.42886451500434275,0.4288527282166859,0.42885173302659474,0.277013010244953
0.34773894366710006,0.35449336136685555,0.4598080199514173,0.3839529617605365,0.3780067309984279,0.29619781978147736
0.38392849883426267,0.24538858785069617,0.45679323417470324,0.45068888647285765,0.4501589843823986,0.22078713479339124
0.24068256371293675,0.20160690246192026,0.29735587161421967,0.29677121410072027,0.29672936070271155,0.15036477785162392
0.5020447881512964,0.3920550845856854,0.6751928526965494,0.673228910337053,0.673046745478636,0.36892177895271044
0.2707859840843718,0.3397968387469064,0.26863545725054877,0.2631630759955233,0.26292105125589266,0.22437178480434017
0.25992005117319966,0.3921333893660024,0.24719455910724772,0.2454531998968818,0.24538682470300782,0.21466389970555277
0.4797185011781098,0.35106440466849126,0.5708471549910156,0.565425894315746,0.5649223519554804,0.33379160492140364
0.196862651274576,0.31557461263221565,0.21315017900893127,0.20704477463766452,0.20685970760411646,0.1887820141758004
0.5567106041429093,0.4574336904178217,0.6095751365353373,0.6045561851342739,0.6041576969671598,0.42315567685636474
0.13424492287874043,0.22286376127745938,0.11236494978409538,0.11109759450859757,0.11106061847322467,0.09953371840976807
0.6012603244692857,0.4633042702299811,0.6555830941263219,0.6262338671386093,0.6236486485545624,0.4530571016304717
0.41486269142270915,0.24307519442278958,0.48483617550116,0.48444685575040536,0.4844064023381837,0.23643276864258123
0.5108931047114028,0.35450626200853275,0.6304957046108213,0.6281984924505725,0.6279910419813003,0.3383188224581619
0.18153875112971093,0.5326802803415551,0.16816407460923755,0.16806483560007504,0.16807218804901705,0.12978472585654313
0.5690885427258907,0.5302030684936714,0.5908282473997853,0.5895148400798568,0.5894226515504329,0.48131431123787877
0.25264877197347807,0.3885135078669409,0.30247910448655957,0.2800264076465972,0.27919983822275085,0.2557054721993101
0.24864466869809826,0.36544434229471195,0.21887056254604356,0.21558109263562933,0.2154447238340343,0.18293953070754315
0.3012838667088309,0.37920041677436744,0.36797107794305534,0.3174823217213637,0.3148390791119065,0.28125106714515286
0.4942054676051744,0.31999052026235225,0.5633896222881715,0.5373719294554089,0.5351421298035326,0.2991112879027655
0.20870300206306563,0.46278838833894725,0.19089994623261014,0.10912374206629546,0.11168482888109064,0.18908331841727638
0.4180910704992902,0.3852590578462771,0.43583977839749083,0.4348713796624596,0.4348029684824948,0.3199476174631795
0.4192739938407459,0.4862864194478349,0.43849051348805473,0.42649000199514847,0.4258960617118752,0.37903010163280504
0.2667389982649706,0.3516506840578618,0.21590080909799897,0.2153278670860757,0.2153050002212934,0.19848060788016722
0.4945839606119166,0.4002836319227669,0.5235243528739546,0.5173718984083772,0.5169262157546863,0.38420751997401287
0.20407814386944012,0.20851304456582823,0.15636751405612465,0.15477377820623053,0.15467960523817487,0.1150870742070889
0.18393710026609,0.3229348273764788,0.19833015372407498,0.1795408123692054,0.17902423079056132,0.1750224926633374
0.22319807498097344,0.13977412293714198,0.271500459734059,0.25794690443456364,0.25683095761150143,0.09778861371292072
0.27835930724403546,0.5479371600996868,0.22151258559096665,0.21264048407334762,0.21296558741424662,0.20683532403966667
0.3797104127005944,0.2927618523323673,0.47154667155238567,0.4711818244088644,0.4711465440934944,0.265321422915857
0.3047826630492201,0.27696502703138676,0.3121164171976926,0.30136544638952645,0.30061812808575655,0.20429350029609195
0.2288685889599318,0.30351867817098244,0.2931520197280092,0.29169053293067077,0.29160163234783637,0.19612877813305235
0.3836809764047429,0.376699826868307,0.4690433167945829,0.46690914359650426,0.4667586023072344,0.32145880814603023
0.5470611340423978,0.4619324102931963,0.7790053447613209,0.7775889981784642,0.7774602660025189,0.4388161218294094
0.08288341629351614,0.22752918098153802,0.15120554948200557,0.13340591505185015,0.13284370934573483,0.11366556708103563
0.24054310246221422,0.31706617403073845,0.3005944684831659,0.30006023650258035,0.3000296754609062,0.20588549241925197
1.11914918229304,0.8640095923488407,1.2493725651850054,1.249349677640976,1.2493474312188892,0.8638117237831335
0.13498432395673876,0.41798788658068536,0.21693318013078025,0.21100757525522246,0.21118953210027572,0.21573760625826718
0.3346352730714926,0.23943547041364477,0.38614125325550713,0.3769174211465184,0.37619972396570095,0.2114894111797128
0.29036090916643,0.375348586941904,0.30492276291030945,0.2916280711409411,0.2909852019850278,0.25318812619088277
0.4203960438553421,0.2771479517083115,0.5514256898160433,0.5233103248759923,0.5206447935497845,0.26801561172577204
0.1718464005662155,0.38507437385792814,0.2044195174072213,0.18447848538657646,0.18405722568250418,0.18747324988279296
0.43961743346274834,0.4621291818076213,0.522271589639639,0.5128772777290156,0.5122923128083633,0.40850904647965913
0.23852563400400634,0.2241330522357344,0.23895214341374788,0.20934190304949749,0.2073876523172046,0.15961540892026885
0.13923383372784784,0.41036327708468806,0.142905603687406,0.142634545858985,0.14263292316108853,0.13980731698345353
0.2296464674070475,0.33775368006258844,0.29940832485902585,0.29842451280518745,0.29837338970315463,0.209873256963592
0.39125479354624765,0.4021881257793571,0.4060487224933851,0.402427241811636,0.4021948532272704,0.3233356671016691
0.3000387479296428,0.2670863583849338,0.3586354202556228,0.3488614871656595,0.3481255166656678,0.20994909796090908
0.2904298150117656,0.30305161680055037,0.3306768801933543,0.32911750424762104,0.3290149975703486,0.2138263023367996
0.2677217544756673,0.5678107759941076,0.2552741216260454,0.25087084027362966,0.2509752707263031,0.25309922798380036
0.2583720413237909,0.202406699642402,0.3425634281382009,0.3153252529035418,0.31309960822829236,0.16607884081305016
0.10293623755441542,0.27612056901590587,0.0782340512117451,0.06594206968591865,0.06601424407907017,0.07803055132017683
0.33906668640883253,0.4563189880419359,0.37858266310066685,0.3765288255619569,0.3764323470919381,0.31919150914141026
0.6552057853698823,0.46958163883523746,0.7913247811144059,0.7666191589757145,0.7642247873997245,0.4659065617384125
0.284424162468573,0.2776129334560322,0.3171969272998553,0.31288010155747054,0.3126064967273236,0.2190569864352088
0.3783426814667949,0.26836861728846173,0.38762206741433325,0.3857176188940494,0.38554964311636863,0.2419704502072603
0.18796745426316222,0.4867694796575644,0.11757176112930183,0.11404043005450981,0.1141051672008476,0.1105937675871713
0.370960488550468,0.33348514883061403,0.39289178272244457,0.38395082217356374,0.38333092766681853,0.2708815103631479
0.24195839790598891,0.41662038019935543,0.3105767097443042,0.2761638894799763,0.2753016901080281,0.2758497516751622
0.364931012551707,0.38635565742998673,0.46849187851761837,0.3789912029945085,0.37247575035896086,0.33964156933403133
0.45441046674377744,0.3703757197264022,0.6205551028250332,0.6143256580960232,0.6137580087325463,0.34411027394802085
0.4809986543397368,0.3552944524803366,0.49600668063239867,0.4918034411676652,0.4914482419051475,0.31644150881133787
0.2773932486482302,0.17434434834408416,0.3313269356799457,0.308089894659785,0.3060251754632469,0.1367686029128656
0.2496987071177244,0.39712068700088604,0.2575824285056875,0.24978095843166642,0.24947209408620466,0.21826959762803677
0.1646241953162356,0.4555783195586727,0.17568562148827468,0.16504908432123594,0.1651463412819646,0.1753636644431112
0.1874461215540095,0.39539619690851063,0.2457996356130932,0.23351039702910997,0.23317520572333356,0.21485989787465615
0.5042712111488962,0.3679882684610693,0.5968675370302663,0.5621625371481352,0.5587926576101299,0.36235862565696525
0.4317581000509838,0.3224759399195775,0.5400960654356813,0.5399674794313835,0.5399563745102065,0.30188107489370936
0.3230635671890014,0.4067233368075653,0.35487784549524093,0.35481571570050935,0.354812713518771,0.279527140971925
0.17619536910221673,0.24878405425613864,0.17793942896560858,0.1521794913310417,0.15085101312098617,0.12439951738544837
0.13530489262509,0.19392978432126132,0.17767673037389717,0.16138855178050948,0.1604167069376282,0.1031681964898056
0.20960587102754985,0.5035926583751367,0.17867147107831619,0.1747311484750676,0.17495313366639853,0.161776369189078
1.2619687197429563,1.2601694194824649,1.4805123127490731,1.4278516004844113,1.4244570006677548,1.2252437694704692
0.38959605745461606,0.2394552634207968,0.49790459395572095,0.4974106317435701,0.4973634048709209,0.23210976763801083
0.438260144929722,0.3478621626443123,0.49124358026126796,0.48879337996296535,0.4886005447859879,0.3146578985667464
0.1244358066865218,0.2338079123967073,0.11584129390686873,0.10414517836802442,0.10369055812600719,0.08381584913065855
0.33451330660208684,0.4203355115505339,0.32987284233005354,0.32696833063362923,0.3268437021634516,0.295389530652564
0.5550522472917688,0.3745899861123829,0.6266240899244702,0.6250659836685603,0.6249210407438391,0.36267645583367636
0.06243429396478258,0.2746955307130446,0.06840288373647921,0.05766885845299912,0.05786993296236046,0.06816510625660542
0.27956585658981825,0.4088474940804537,0.28878066104019773,0.2856917460077413,0.2855662483257672,0.24649425587375368
0.3077920339859213,0.38256140414381073,0.31582148717724395,0.31444817803985703,0.31438563135176906,0.27319214902219663
0.24518197554706309,0.25186092927939374,0.23499809526437468,0.23492313228977119,0.23491879113853914,0.17467921750145798
0.09009061892922016,0.2570064490894556,0.14107935825537635,0.13239791907794016,0.13214680323151146,0.11428953456855427
0.34496494722209176,0.35283121335827733,0.46906838725300526,0.468971905412353,0.4689642454116025,0.28963475791720494
0.26905280787284347,0.25348873612908435,0.35235105851669196,0.3365437573660941,0.3353937127819231,0.20712768051647998
0.6775191561628447,0.5848113353415566,0.7220715032914863,0.7208297194265848,0.7207296948591565,0.5518956316496226
0.3014188750406671,0.4691781082248489,0.27234127082431603,0.2720324670915161,0.2720240592804498,0.2584032855905022
0.7595938925077871,0.5395870159432258,0.918182261601463,0.8590641488290667,0.852252436765944,0.537483210459449
0.31467862141260666,0.3281418338610456,0.33920928803704725,0.33665070834954725,0.33650319717894006,0.25216154969772586
0.3552218523140936,0.36845456265127474,0.42761595987611034,0.3414867685523268,0.3356666109662366,0.30231469625586854
0.5006172371263221,0.4130135149631905,0.5946513489948927,0.5942246105370314,0.5941867893613185,0.38792376656241034
0.1707021356875159,0.4005204694442155,0.23075560244053306,0.22920906417477147,0.2291714411323528,0.2012304691338516
0.48400979594509286,0.3674276479899535,0.6580381386830182,0.602341142251652,0.5967993475177679,0.33605670734129184
0.2889320328103389,0.3662384866927956,0.36194637644895195,0.3618301718564229,0.3618238531728079,0.28159890550789946
0.17897053777218358,0.20687779863678654,0.17884352727835093,0.13757786936679328,0.13520208579524584,0.12130545666925252
0.25801711550565826,0.40497291198702295,0.2601362890800578,0.2541611325499077,0.25395197861091084,0.23460900382815714
0.3520920413710022,0.35113798399926593,0.3626131041995561,0.3617210576100194,0.36166748511596886,0.29641558552284675
0.4870540220873722,0.32916040914160705,0.5783693485089656,0.5773541674127987,0.5772579573522187,0.32051695235430905
0.3390281151482738,0.3415316337690411,0.3786734732597743,0.3299037475381407,0.32652418635315594,0.2636513406017263
0.18551131040272253,0.22503673530819673,0.2402330078218487,0.23947475777854563,0.23942081994958272,0.13836026414258576
0.3576371834256464,0.3992192570666863,0.4490775475720325,0.4217869178714418,0.42012918496404805,0.3361545865955929
0.2006354587951212,0.47839038295653674,0.24633208063913511,0.24523902608122142,0.2452805755359614,0.24483524780473492
0.2338274489485229,0.23242172876898884,0.3008222248421165,0.2772948718721571,0.27545767848493996,0.1553744671989016
0.3836525421335406,0.32210904500153964,0.5287970385259612,0.5282618335530819,0.5282173230433773,0.28036952092867906
0.37193393617886544,0.22708038449997983,0.4719775890385128,0.44141416209988804,0.4383272219128069,0.2118958134477879
0.8706790594450945,0.6820537835065891,1.0510928429531394,1.04924115487863,1.0490522022688311,0.6788516652850154
0.28662978013789603,0.34178241954622574,0.31562034324755656,0.2177155960674992,0.21303426548929322,0.2576154475797051
0.4573718018777612,0.4843712491874385,0.38994764129950066,0.386602282724337,0.3864486540387428,0.3679995619991278
0.5108176846846628,0.5036809332956039,0.5829534592237138,0.5674103226658503,0.5664192798509731,0.4380784665131519
0.2790509985900633,0.2738658395272039,0.33939324850118596,0.3340564208846543,0.3336601862535212,0.1972817030805771
0.5439285064296719,0.3702640788513897,0.6943684604292608,0.6921072754331404,0.6918869508285047,0.3627232562986379
0.1089566618933356,0.24278219197776618,0.11970496668078787,0.11970496670235677,0.119704966703691,0.09627914518766445
0.17605896413739738,0.44245272332379626,0.19854542069007663,0.19539116025071887,0.19537172082501628,0.1928842084216288
0.24939759044713783,0.3220803008766941,0.3511815516442472,0.3500448957659385,0.34996792970768076,0.22796089654440677
0.3778843217892509,0.45116523884673665,0.35199611571502304,0.3519807623456447,0.3519800188743244,0.3072244956116711
0.4689598448280271,0.5273969766244506,0.501924890725515,0.43921797752153,0.4362657334034082,0.43498973378953826
0.4409888506594989,0.5819199794219746,0.5800090426163999,0.5768657539117127,0.5767043439700148,0.4652863855826332
0.29112366042983034,0.2440769974349025,0.38933268490360995,0.27656363405596035,0.2667085716162666,0.23813270364359204
0.16669239009592568,0.24587703758881588,0.2681421798765592,0.2669674322746583,0.26691342072461355,0.18077873046237486
0.36449085386160796,0.4740926259689524,0.4362835264436404,0.436272484321953,0.436271964954779,0.364565949308182
0.3075348251650464,0.2663254598975323,0.42966206343161606,0.4274037502463382,0.4272254703975695,0.23233796093229872
1.0752475281128677,1.3303473611258116,1.129177886601032,1.1026260887100459,1.1025538577224276,1.1171775517944107
0.2122577682963667,0.18533770715896178,0.2338146532230089,0.23226833688602663,0.23216881964446623,0.13292707444761753
0.5471707213619789,0.8892174748057857,0.5882586749225921,0.5254477812776116,0.5467769184495261,0.4237007044155867
0.33013630634003105,0.43705322192609647,0.33550414513470694,0.32750598945878523,0.3272154602974208,0.30630835660437267
0.26023577659047825,0.2597317477353025,0.32288911835106354,0.31631127103085355,0.315857678883104,0.2027242198387641
0.24176497616896628,0.3442444198085576,0.27133354820582684,0.2694418841308298,0.2693477909485241,0.2120619661574366
0.4982060667970538,0.43448017299586156,0.5933100894883706,0.5863194168263918,0.585714398434073,0.3956216701261035
0.23362082678298146,0.38195660427864203,0.2917449024790924,0.15856612918841592,0.16680632452412555,0.29173673456706256
0.25153838797248973,0.442530296981117,0.24306234267911733,0.18207652204400251,0.18188803198213008,0.24027124879293116
0.1083202026321737,0.3411480794164089,0.08682704913245425,0.06478296317279947,0.06512263195928529,0.08608577608146596
0.24368035982857594,0.30699504467694255,0.3038759450413495,0.30245156712233334,0.30237160751498043,0.21680556494105047
0.2876751439768486,0.31792255330329544,0.29661663094736856,0.2903451443584893,0.28998893463859643,0.21493524700380873
0.24609885244730023,0.38994440225722105,0.31738966035637717,0.3162724567999598,0.31622075560712576,0.24126200104002166
0.23060393511017993,0.17612668068928297,0.27721529026456654,0.2653392599748483,0.264375248578189,0.12387172795190265
0.3405309791005558,0.3931365420848334,0.3687982576398726,0.3674553072951648,0.3673763316906776,0.29936376312238827
0.22347477952298675,0.3738778349601418,0.1824947801380556,0.17302735753416046,0.17275677133628284,0.17107887090844742
0.5464713422259928,0.5219713401686636,0.649484473846578,0.6491640506482393,0.6491392612539157,0.4770913023411817
0.6756791665262402,0.46774064441744295,0.7350068137662852,0.7036804460017486,0.7009830784167039,0.4646975960905382
0.3931764652463392,0.43375099785825005,0.4094731524419022,0.40841195705592004,0.4083576621288345,0.3391613624134423
0.4263944161435851,0.544030022377604,0.4639335497082206,0.4617354079473731,0.4616416459343868,0.4077619664755302
0.33162939284337395,0.3023237711659373,0.3949531330024205,0.39481554221972837,0.3948052187499666,0.24942786184459095
0.7012696624797794,0.4653262287404195,0.7886474775427581,0.4996045489634604,0.46143931274383543,0.4643823365103034
0.15625591792711865,0.27879366586842935,0.17559346645484453,0.17399761980020287,0.17393807013295148,0.14183970398704274
0.20557683850339456,0.2206531116355867,0.2159836612428016,0.194458064581984,0.19311037424144245,0.1307504377709553
0.22824836013988617,0.2848129039983711,0.13557182397707707,0.1272320534087876,0.12693422542801655,0.1297773023194913
0.19279541742999923,0.5044703306861068,0.2297221860771188,0.19215513301199477,0.19572263579158972,0.2145388155944879
0.33165966722754925,0.36172364091779113,0.37532612727387593,0.19708577844027614,0.18615197310026727,0.28924832066406436
0.37411139859567477,0.32737553116033424,0.4054812881207939,0.4052100545139761,0.405190925420858,0.27380093196114696
0.27466073138424807,0.3862443788723139,0.23084147183867726,0.2293312042807197,0.2292817834526158,0.21568292967846228
0.31878840538372155,0.4960406754547534,0.42435543633052997,0.4227127481548125,0.4226404325326114,0.3501261357623408
0.3186309636880563,0.35690770337639255,0.2702399945212991,0.266488953722148,0.2663033254533164,0.23035984098005013
0.1453853192930737,0.344012362253787,0.19301674229525057,0.19105288049428162,0.19101633651079855,0.17269535383298293
0.2092649181552903,0.21705273626397747,0.26853174647547773,0.2531492236862895,0.2519543053494778,0.13590842539070672
0.47879885821176293,0.3420290634293071,0.594211921210078,0.5941615841540723,0.5941569053467404,0.33484973497454606
0.5275269466223447,0.38092798845520237,0.628826377579418,0.6287294116734083,0.6287199957664171,0.37293404283419135
0.15568774103188432,0.20796813908010048,0.1789929502003469,0.17545221971796585,0.1752512776234356,0.11016071670223365
0.21077455790257826,0.22336537306487622,0.16596794807396298,0.15206612242889558,0.15146097099784298,0.14669527800301507
0.643843072471372,0.526608935674068,0.749539194190732,0.7478654306847109,0.7477285429950845,0.49910112236124365
0.22644921900824488,0.24736940517093903,0.33080757713137704,0.3025296984447526,0.3003203587794424,0.18571354630673223
0.3801016399985913,0.37609251910134095,0.43197750249689065,0.431881569554259,0.431875191644492,0.31316975080302273
0.2605092836913083,0.22118420167204467,0.25623272351514903,0.25515013832560435,0.25507728359460163,0.15890936070897355
0.31681481437759107,0.22764536627084944,0.3874637840546697,0.3654870283552237,0.36356890764973043,0.17911626119365917
0.2614431849907305,0.19566837696315473,0.32226793366637074,0.3012988714629891,0.2996528347847906,0.162108822852166
0.14633721240738604,0.46277253298732307,0.13487032855838404,0.1122520501391632,0.11356807707579238,0.11148453898063466
0.19698144376621946,0.4867443701341763,0.20465892210393713,0.20463334115578494,0.20463359046272941,0.20448872899018603
0.5809690733746933,0.6605682889186475,0.6540848374425011,0.6540494616530814,0.6540474180673729,0.5530457993230369
0.35018947222706187,0.4162764801432388,0.40051723866359495,0.40039992480119857,0.4003932321203924,0.32881425313665097
0.33240316580447793,0.34245899588891265,0.35547101894706307,0.352098150560932,0.35189590567411455,0.25550083746450364
0.4009454464187683,0.5588651639616077,0.3925837257190009,0.3925008466247272,0.3924979989122457,0.362488166934259
0.3060759869007552,0.34850308802709506,0.29958801814231234,0.2336051333110968,0.2304454335667238,0.2433546923195721
0.5173267499872534,0.35406427879506236,0.6388943822883484,0.6382611889835599,0.6381999792608117,0.3444191518629608
0.494452461389525,0.37404492619197643,0.5016810835088966,0.50129366276631,0.5012631434367072,0.3497123913314426
0.2768554296654055,0.36527805312503275,0.31512648743434685,0.3082815661890513,0.30788872672228446,0.2339942136639871
0.07858793340767548,0.2602300896787932,0.08452572520887308,0.06303504204677095,0.06475059581089318,0.07450025876299776
